gifHs/dem_example.txt
ncols	 274
nrows	 166
xllcorner	 110.4000000000
yllcorner	 -8.1583333333
cellsize	 0.00833333333333
NODATA_value  -9999 
[rows 66 to 98 of 166, columns 0 to 73 of 274]
-9999 -9999 -9999 -9999 -9999 -9999 -9999 -9999 -9999 -9999 -9999 -9999 -9999 -9999 -9999 -9999 -9999 -9999 -9999 -9999 -9999 -9999 -9999 -9999 -9999 -9999 -9999 -9999 -9999 -9999 -9999 -9999 -9999 -9999 -9999 -9999 -9999 -9999 -9999 -9999 -9999 -9999 -9999 -9999 -9999 -9999 -9999 -9999 -9999 -9999 -9999 -9999 -9999 -9999 -9999 -9999 -9999 127.00 135.00 129.00 134.00 126.00 120.00 123.00 111.00 102.00 90.00 90.00 93.00 96.00 102.00 110.00 104.00 106.00
-9999 -9999 -9999 -9999 -9999 -9999 -9999 -9999 -9999 -9999 -9999 -9999 -9999 -9999 -9999 -9999 -9999 -9999 -9999 -9999 -9999 -9999 -9999 -9999 -9999 -9999 -9999 -9999 -9999 -9999 -9999 -9999 -9999 -9999 -9999 -9999 -9999 -9999 -9999 -9999 -9999 -9999 -9999 -9999 -9999 -9999 -9999 -9999 -9999 -9999 -9999 -9999 -9999 -9999 -9999 114.00 122.00 121.00 120.00 113.00 118.00 132.00 140.00 128.00 111.00 104.00 90.00 88.00 87.00 92.00 91.00 95.00 112.00 121.00
-9999 -9999 -9999 -9999 -9999 -9999 -9999 -9999 -9999 -9999 -9999 -9999 -9999 -9999 -9999 -9999 -9999 -9999 -9999 -9999 -9999 -9999 -9999 -9999 -9999 -9999 -9999 -9999 -9999 -9999 -9999 -9999 -9999 -9999 -9999 -9999 -9999 -9999 -9999 -9999 -9999 -9999 -9999 -9999 -9999 -9999 -9999 -9999 -9999 -9999 -9999 -9999 -9999 -9999 111.00 111.00 113.00 114.00 109.00 107.00 115.00 120.00 121.00 119.00 112.00 108.00 94.00 87.00 86.00 87.00 89.00 100.00 119.00 114.00
-9999 -9999 -9999 -9999 -9999 -9999 -9999 -9999 -9999 -9999 -9999 -9999 -9999 -9999 -9999 -9999 -9999 -9999 -9999 -9999 -9999 -9999 -9999 -9999 -9999 -9999 -9999 -9999 -9999 -9999 -9999 -9999 -9999 -9999 -9999 -9999 -9999 -9999 -9999 -9999 -9999 -9999 -9999 -9999 -9999 -9999 -9999 -9999 -9999 -9999 -9999 -9999 -9999 -9999 113.00 111.00 114.00 118.00 119.00 124.00 117.00 105.00 107.00 116.00 107.00 99.00 89.00 84.00 83.00 92.00 90.00 100.00 94.00 81.00
-9999 -9999 -9999 -9999 -9999 -9999 -9999 -9999 -9999 -9999 -9999 -9999 -9999 -9999 -9999 -9999 -9999 -9999 -9999 -9999 -9999 -9999 -9999 -9999 -9999 -9999 -9999 -9999 -9999 -9999 -9999 -9999 -9999 -9999 -9999 -9999 -9999 -9999 -9999 -9999 -9999 -9999 -9999 -9999 -9999 -9999 -9999 -9999 -9999 -9999 -9999 -9999 -9999 120.00 115.00 113.00 113.00 116.00 123.00 131.00 123.00 118.00 99.00 96.00 96.00 90.00 82.00 81.00 82.00 88.00 85.00 84.00 80.00 77.00
-9999 -9999 -9999 -9999 -9999 -9999 -9999 -9999 -9999 -9999 -9999 -9999 -9999 -9999 -9999 -9999 -9999 -9999 -9999 -9999 -9999 -9999 -9999 -9999 -9999 -9999 -9999 -9999 -9999 -9999 -9999 -9999 -9999 -9999 -9999 -9999 -9999 -9999 -9999 -9999 -9999 -9999 -9999 -9999 -9999 -9999 -9999 -9999 -9999 -9999 -9999 -9999 132.00 122.00 118.00 120.00 121.00 119.00 117.00 117.00 114.00 103.00 95.00 89.00 87.00 85.00 82.00 81.00 80.00 80.00 85.00 78.00 77.00 75.00
-9999 -9999 -9999 -9999 -9999 -9999 -9999 -9999 -9999 -9999 -9999 -9999 -9999 -9999 -9999 -9999 -9999 -9999 -9999 -9999 -9999 -9999 -9999 -9999 -9999 -9999 -9999 -9999 -9999 -9999 -9999 -9999 -9999 -9999 -9999 -9999 -9999 -9999 -9999 -9999 -9999 -9999 -9999 -9999 -9999 -9999 -9999 -9999 -9999 -9999 -9999 -9999 140.00 141.00 154.00 144.00 130.00 118.00 113.00 104.00 100.00 94.00 85.00 82.00 78.00 78.00 77.00 76.00 76.00 77.00 75.00 75.00 77.00 73.00
-9999 -9999 -9999 -9999 -9999 -9999 -9999 -9999 -9999 -9999 -9999 -9999 -9999 -9999 -9999 -9999 -9999 -9999 -9999 -9999 -9999 -9999 -9999 -9999 -9999 -9999 -9999 -9999 -9999 -9999 -9999 -9999 -9999 -9999 -9999 327.00 310.00 253.00 255.00 -9999 -9999 -9999 -9999 -9999 -9999 -9999 -9999 -9999 -9999 -9999 -9999 -9999 157.00 162.00 148.00 144.00 128.00 112.00 105.00 100.00 92.00 86.00 80.00 80.00 78.00 77.00 76.00 77.00 78.00 76.00 77.00 76.00 74.00 73.00
-9999 -9999 -9999 -9999 -9999 -9999 -9999 -9999 -9999 -9999 -9999 -9999 -9999 -9999 -9999 -9999 -9999 -9999 -9999 -9999 -9999 -9999 -9999 -9999 -9999 -9999 -9999 -9999 -9999 -9999 -9999 -9999 -9999 -9999 -9999 289.00 289.00 250.00 257.00 266.00 -9999 -9999 -9999 -9999 -9999 -9999 -9999 -9999 -9999 -9999 -9999 -9999 166.00 156.00 149.00 137.00 126.00 113.00 99.00 88.00 86.00 82.00 81.00 79.00 77.00 77.00 77.00 77.00 75.00 74.00 74.00 74.00 75.00 75.00
-9999 -9999 -9999 -9999 -9999 -9999 -9999 -9999 -9999 -9999 -9999 -9999 -9999 -9999 -9999 -9999 -9999 -9999 -9999 -9999 -9999 -9999 -9999 -9999 -9999 -9999 -9999 -9999 -9999 -9999 -9999 -9999 -9999 -9999 312.00 235.00 250.00 201.00 200.00 231.00 209.00 -9999 -9999 -9999 -9999 -9999 -9999 -9999 -9999 -9999 -9999 153.00 156.00 156.00 147.00 137.00 122.00 107.00 94.00 86.00 85.00 81.00 79.00 78.00 77.00 80.00 76.00 75.00 75.00 76.00 76.00 75.00 76.00 76.00
-9999 -9999 -9999 -9999 -9999 -9999 -9999 -9999 -9999 -9999 -9999 -9999 -9999 -9999 -9999 -9999 -9999 -9999 -9999 -9999 -9999 -9999 -9999 -9999 -9999 -9999 -9999 -9999 -9999 -9999 -9999 -9999 263.00 285.00 245.00 203.00 195.00 169.00 166.00 179.00 193.00 190.00 172.00 166.00 -9999 -9999 -9999 -9999 -9999 148.00 152.00 147.00 144.00 144.00 140.00 134.00 124.00 107.00 94.00 84.00 83.00 82.00 80.00 77.00 78.00 78.00 77.00 81.00 91.00 93.00 86.00 79.00 77.00 78.00
-9999 -9999 -9999 -9999 -9999 -9999 -9999 -9999 -9999 -9999 -9999 -9999 -9999 -9999 -9999 -9999 -9999 -9999 -9999 -9999 -9999 -9999 -9999 -9999 -9999 -9999 -9999 -9999 -9999 337.00 296.00 279.00 241.00 201.00 189.00 178.00 169.00 162.00 154.00 153.00 169.00 173.00 166.00 166.00 174.00 172.00 -9999 -9999 -9999 152.00 148.00 143.00 142.00 143.00 143.00 129.00 112.00 103.00 91.00 84.00 81.00 80.00 79.00 78.00 81.00 77.00 80.00 85.00 89.00 88.00 80.00 80.00 78.00 81.00
-9999 -9999 -9999 -9999 -9999 -9999 -9999 -9999 -9999 -9999 -9999 -9999 -9999 -9999 -9999 -9999 -9999 -9999 -9999 -9999 -9999 -9999 -9999 529.00 502.00 485.00 468.00 445.00 391.00 323.00 258.00 225.00 208.00 195.00 185.00 174.00 167.00 162.00 158.00 158.00 160.00 155.00 148.00 156.00 159.00 166.00 161.00 162.00 159.00 150.00 146.00 140.00 141.00 136.00 120.00 127.00 112.00 98.00 91.00 85.00 81.00 79.00 80.00 80.00 80.00 79.00 81.00 80.00 82.00 81.00 80.00 81.00 82.00 87.00
-9999 -9999 -9999 -9999 -9999 -9999 -9999 -9999 -9999 -9999 -9999 -9999 -9999 -9999 -9999 -9999 -9999 -9999 -9999 -9999 -9999 561.00 535.00 517.00 490.00 474.00 449.00 403.00 340.00 278.00 247.00 225.00 205.00 194.00 184.00 174.00 167.00 162.00 164.00 164.00 157.00 168.00 155.00 142.00 147.00 157.00 154.00 157.00 145.00 144.00 147.00 144.00 158.00 154.00 129.00 132.00 118.00 102.00 90.00 85.00 81.00 80.00 82.00 79.00 78.00 82.00 83.00 84.00 86.00 85.00 82.00 84.00 84.00 87.00
-9999 -9999 -9999 -9999 -9999 -9999 -9999 -9999 -9999 -9999 -9999 1046.00 963.00 896.00 838.00 785.00 733.00 688.00 646.00 615.00 591.00 562.00 533.00 531.00 458.00 437.00 392.00 355.00 310.00 262.00 237.00 235.00 223.00 195.00 181.00 175.00 168.00 168.00 169.00 171.00 166.00 152.00 144.00 139.00 136.00 133.00 138.00 132.00 129.00 133.00 139.00 146.00 154.00 144.00 137.00 133.00 116.00 98.00 87.00 83.00 82.00 82.00 80.00 80.00 82.00 85.00 89.00 89.00 90.00 89.00 88.00 90.00 91.00 92.00
-9999 -9999 -9999 -9999 -9999 -9999 -9999 -9999 -9999 -9999 1211.00 1083.00 1000.00 918.00 846.00 787.00 737.00 694.00 654.00 620.00 593.00 569.00 543.00 481.00 427.00 392.00 365.00 344.00 303.00 278.00 268.00 259.00 258.00 209.00 183.00 177.00 173.00 174.00 176.00 165.00 151.00 141.00 136.00 128.00 128.00 126.00 123.00 121.00 122.00 124.00 129.00 129.00 119.00 130.00 126.00 121.00 110.00 97.00 88.00 83.00 83.00 80.00 80.00 81.00 85.00 90.00 95.00 94.00 93.00 94.00 94.00 94.00 98.00 103.00
-9999 -9999 -9999 -9999 -9999 2688.00 2342.00 2065.00 1717.00 1405.00 1213.00 1097.00 1018.00 920.00 840.00 779.00 732.00 690.00 653.00 620.00 586.00 563.00 529.00 481.00 437.00 402.00 383.00 384.00 349.00 294.00 300.00 270.00 241.00 217.00 192.00 181.00 189.00 193.00 183.00 170.00 148.00 140.00 134.00 132.00 127.00 123.00 121.00 120.00 122.00 123.00 133.00 145.00 118.00 112.00 116.00 128.00 107.00 97.00 87.00 83.00 82.00 82.00 80.00 82.00 90.00 93.00 97.00 100.00 99.00 102.00 107.00 105.00 107.00 114.00
-9999 -9999 -9999 -9999 -9999 -9999 2259.00 2019.00 1719.00 1416.00 1246.00 1144.00 1029.00 918.00 833.00 781.00 740.00 697.00 653.00 611.00 576.00 532.00 499.00 467.00 434.00 400.00 376.00 377.00 360.00 335.00 314.00 291.00 254.00 216.00 194.00 192.00 187.00 192.00 178.00 163.00 150.00 143.00 142.00 132.00 129.00 122.00 120.00 118.00 119.00 123.00 135.00 155.00 143.00 113.00 109.00 114.00 111.00 96.00 87.00 84.00 80.00 83.00 82.00 86.00 90.00 97.00 101.00 103.00 105.00 111.00 116.00 121.00 120.00 126.00
-9999 -9999 -9999 -9999 -9999 -9999 2102.00 1889.00 1670.00 1418.00 1269.00 1158.00 1036.00 914.00 820.00 760.00 724.00 698.00 662.00 622.00 581.00 530.00 490.00 448.00 417.00 388.00 361.00 342.00 334.00 322.00 300.00 270.00 238.00 206.00 190.00 191.00 166.00 175.00 176.00 168.00 163.00 153.00 147.00 132.00 130.00 128.00 122.00 122.00 122.00 126.00 135.00 151.00 147.00 131.00 124.00 103.00 103.00 100.00 88.00 83.00 82.00 85.00 83.00 84.00 87.00 96.00 105.00 111.00 113.00 117.00 124.00 132.00 135.00 140.00
-9999 -9999 -9999 -9999 -9999 -9999 -9999 1754.00 1593.00 1444.00 1322.00 1205.00 1073.00 923.00 823.00 777.00 733.00 692.00 647.00 601.00 559.00 521.00 486.00 451.00 419.00 390.00 363.00 330.00 313.00 311.00 280.00 267.00 243.00 219.00 187.00 181.00 163.00 161.00 159.00 163.00 155.00 142.00 140.00 128.00 127.00 127.00 121.00 126.00 127.00 136.00 156.00 150.00 148.00 136.00 121.00 105.00 96.00 90.00 85.00 85.00 82.00 85.00 87.00 86.00 90.00 102.00 121.00 129.00 127.00 127.00 132.00 140.00 148.00 153.00
-9999 -9999 -9999 -9999 -9999 -9999 -9999 1622.00 1515.00 1428.00 1342.00 1202.00 1078.00 927.00 844.00 797.00 754.00 704.00 652.00 599.00 552.00 518.00 483.00 451.00 419.00 390.00 360.00 337.00 306.00 302.00 278.00 251.00 240.00 218.00 193.00 176.00 170.00 157.00 155.00 145.00 149.00 142.00 127.00 122.00 117.00 119.00 114.00 119.00 120.00 130.00 156.00 165.00 160.00 143.00 122.00 116.00 107.00 93.00 85.00 85.00 85.00 83.00 86.00 87.00 93.00 117.00 143.00 155.00 147.00 137.00 141.00 150.00 160.00 169.00
-9999 -9999 -9999 -9999 -9999 -9999 -9999 1563.00 1477.00 1387.00 1312.00 1178.00 1043.00 937.00 881.00 827.00 772.00 718.00 657.00 608.00 564.00 524.00 486.00 453.00 418.00 392.00 368.00 350.00 314.00 309.00 285.00 251.00 204.00 189.00 179.00 168.00 164.00 158.00 152.00 142.00 145.00 130.00 121.00 121.00 116.00 114.00 113.00 114.00 113.00 122.00 144.00 160.00 164.00 149.00 118.00 105.00 102.00 96.00 88.00 85.00 85.00 86.00 88.00 90.00 95.00 128.00 160.00 169.00 160.00 146.00 148.00 156.00 169.00 183.00
-9999 -9999 -9999 -9999 -9999 -9999 -9999 1632.00 1514.00 1382.00 1269.00 1167.00 1061.00 986.00 922.00 854.00 790.00 725.00 656.00 609.00 563.00 524.00 486.00 452.00 431.00 418.00 363.00 348.00 315.00 267.00 263.00 238.00 208.00 185.00 169.00 163.00 157.00 163.00 147.00 141.00 141.00 127.00 123.00 119.00 118.00 117.00 113.00 112.00 110.00 112.00 129.00 151.00 149.00 141.00 122.00 113.00 97.00 88.00 86.00 88.00 87.00 91.00 91.00 92.00 95.00 124.00 156.00 163.00 161.00 158.00 157.00 166.00 181.00 195.00
-9999 -9999 -9999 -9999 -9999 -9999 1947.00 1792.00 1572.00 1414.00 1294.00 1188.00 1088.00 1004.00 925.00 857.00 790.00 727.00 664.00 612.00 563.00 520.00 482.00 450.00 447.00 437.00 358.00 335.00 297.00 272.00 234.00 220.00 197.00 188.00 174.00 166.00 158.00 151.00 147.00 143.00 136.00 128.00 124.00 122.00 119.00 113.00 110.00 106.00 104.00 108.00 113.00 129.00 131.00 121.00 113.00 107.00 94.00 90.00 87.00 90.00 93.00 95.00 96.00 97.00 98.00 120.00 162.00 167.00 164.00 170.00 172.00 176.00 189.00 208.00
-9999 -9999 -9999 -9999 -9999 -9999 2312.00 1962.00 1715.00 1493.00 1325.00 1192.00 1086.00 999.00 926.00 856.00 780.00 712.00 648.00 599.00 557.00 517.00 477.00 442.00 420.00 381.00 346.00 311.00 281.00 254.00 235.00 216.00 199.00 186.00 174.00 167.00 160.00 153.00 145.00 138.00 135.00 131.00 127.00 123.00 120.00 114.00 110.00 107.00 104.00 105.00 110.00 122.00 125.00 131.00 124.00 107.00 94.00 90.00 90.00 93.00 98.00 99.00 101.00 103.00 104.00 121.00 138.00 160.00 171.00 184.00 192.00 191.00 197.00 213.00
-9999 -9999 -9999 -9999 -9999 -9999 2511.00 2236.00 1778.00 1463.00 1298.00 1186.00 1078.00 991.00 908.00 836.00 760.00 695.00 634.00 583.00 540.00 502.00 469.00 441.00 403.00 368.00 338.00 310.00 285.00 260.00 242.00 222.00 205.00 186.00 172.00 163.00 155.00 151.00 145.00 139.00 132.00 127.00 123.00 119.00 116.00 110.00 107.00 103.00 102.00 103.00 103.00 114.00 125.00 127.00 114.00 109.00 94.00 93.00 92.00 96.00 99.00 104.00 105.00 108.00 110.00 125.00 137.00 162.00 179.00 193.00 210.00 219.00 224.00 238.00
-9999 -9999 -9999 -9999 -9999 -9999 -9999 2131.00 1803.00 1467.00 1268.00 1126.00 1050.00 962.00 875.00 804.00 736.00 677.00 625.00 573.00 530.00 491.00 457.00 424.00 395.00 367.00 337.00 310.00 285.00 262.00 240.00 219.00 202.00 184.00 167.00 155.00 150.00 144.00 141.00 136.00 129.00 124.00 118.00 117.00 113.00 111.00 107.00 103.00 100.00 99.00 99.00 102.00 110.00 115.00 106.00 99.00 94.00 93.00 95.00 98.00 101.00 107.00 111.00 111.00 116.00 126.00 145.00 157.00 189.00 206.00 220.00 240.00 252.00 261.00
-9999 -9999 -9999 -9999 -9999 -9999 -9999 1834.00 1625.00 1384.00 1234.00 1112.00 1001.00 919.00 852.00 788.00 729.00 672.00 618.00 572.00 528.00 486.00 451.00 417.00 386.00 358.00 331.00 303.00 279.00 256.00 234.00 214.00 195.00 175.00 164.00 153.00 146.00 143.00 137.00 137.00 130.00 124.00 118.00 113.00 111.00 109.00 106.00 104.00 101.00 97.00 96.00 97.00 100.00 103.00 105.00 102.00 95.00 97.00 100.00 102.00 104.00 109.00 114.00 116.00 119.00 127.00 146.00 163.00 178.00 209.00 234.00 248.00 263.00 284.00
-9999 -9999 -9999 -9999 -9999 -9999 -9999 1496.00 1351.00 1189.00 1138.00 1063.00 974.00 886.00 813.00 763.00 712.00 661.00 609.00 562.00 519.00 480.00 442.00 409.00 373.00 346.00 322.00 295.00 268.00 248.00 228.00 208.00 191.00 172.00 159.00 151.00 143.00 142.00 140.00 130.00 124.00 124.00 120.00 113.00 109.00 107.00 104.00 102.00 99.00 96.00 95.00 97.00 99.00 102.00 100.00 95.00 96.00 100.00 102.00 105.00 108.00 111.00 118.00 121.00 125.00 131.00 140.00 166.00 179.00 208.00 234.00 257.00 274.00 296.00
-9999 -9999 -9999 -9999 -9999 -9999 -9999 1299.00 1235.00 1111.00 1029.00 977.00 911.00 839.00 772.00 721.00 681.00 636.00 591.00 548.00 508.00 471.00 435.00 401.00 367.00 341.00 314.00 286.00 259.00 237.00 220.00 203.00 187.00 173.00 160.00 150.00 142.00 136.00 133.00 127.00 123.00 119.00 115.00 111.00 109.00 105.00 103.00 101.00 99.00 97.00 96.00 94.00 93.00 92.00 92.00 92.00 96.00 101.00 105.00 107.00 111.00 114.00 121.00 127.00 133.00 136.00 143.00 160.00 180.00 191.00 224.00 265.00 293.00 306.00
-9999 -9999 -9999 -9999 -9999 -9999 -9999 1155.00 1109.00 1035.00 951.00 894.00 849.00 796.00 735.00 675.00 639.00 605.00 565.00 527.00 491.00 457.00 423.00 390.00 359.00 332.00 306.00 281.00 256.00 233.00 213.00 198.00 182.00 170.00 160.00 153.00 144.00 137.00 132.00 127.00 122.00 118.00 115.00 110.00 107.00 103.00 102.00 100.00 97.00 96.00 96.00 94.00 92.00 91.00 91.00 93.00 96.00 101.00 105.00 111.00 115.00 118.00 122.00 131.00 138.00 144.00 149.00 161.00 174.00 186.00 206.00 251.00 292.00 328.00
-9999 -9999 -9999 -9999 -9999 -9999 -9999 -9999 998.00 945.00 889.00 838.00 779.00 739.00 689.00 639.00 597.00 566.00 535.00 503.00 473.00 440.00 408.00 378.00 350.00 324.00 297.00 272.00 250.00 227.00 205.00 191.00 176.00 165.00 157.00 151.00 144.00 137.00 131.00 127.00 122.00 120.00 113.00 109.00 107.00 103.00 101.00 99.00 96.00 94.00 94.00 93.00 92.00 90.00 92.00 97.00 98.00 103.00 107.00 111.00 119.00 122.00 128.00 134.00 142.00 150.00 157.00 164.00 181.00 189.00 200.00 230.00 287.00 331.00
-9999 -9999 -9999 -9999 -9999 -9999 -9999 -9999 -9999 868.00 817.00 778.00 734.00 688.00 644.00 601.00 564.00 530.00 503.00 476.00 447.00 422.00 393.00 366.00 342.00 316.00 289.00 265.00 242.00 218.00 202.00 187.00 174.00 163.00 155.00 147.00 142.00 136.00 132.00 127.00 122.00 118.00 113.00 109.00 107.00 102.00 99.00 97.00 94.00 94.00 93.00 91.00 92.00 91.00 95.00 99.00 103.00 108.00 112.00 117.00 119.00 125.00 132.00 137.00 145.00 156.00 166.00 173.00 182.00 198.00 213.00 226.00 271.00 320.00
