gifHs/dem_example.txt
ncols	 274
nrows	 166
xllcorner	 110.4000000000
yllcorner	 -8.1583333333
cellsize	 0.00833333333333
NODATA_value  -9999 
[rows 99 to 131 of 166, columns 0 to 73 of 274]
-9999 -9999 -9999 -9999 -9999 -9999 -9999 -9999 -9999 798.00 749.00 714.00 683.00 648.00 611.00 570.00 535.00 503.00 475.00 447.00 424.00 398.00 373.00 353.00 329.00 306.00 282.00 258.00 233.00 213.00 196.00 183.00 172.00 163.00 156.00 150.00 142.00 134.00 128.00 125.00 119.00 116.00 113.00 110.00 107.00 103.00 101.00 98.00 95.00 94.00 93.00 92.00 92.00 92.00 95.00 100.00 105.00 108.00 111.00 118.00 122.00 128.00 133.00 140.00 146.00 156.00 167.00 179.00 192.00 204.00 221.00 239.00 273.00 324.00
-9999 -9999 -9999 -9999 -9999 -9999 -9999 -9999 -9999 733.00 698.00 658.00 632.00 605.00 576.00 543.00 508.00 483.00 452.00 426.00 400.00 376.00 354.00 332.00 314.00 293.00 273.00 252.00 230.00 211.00 196.00 182.00 168.00 158.00 153.00 147.00 138.00 132.00 128.00 123.00 119.00 113.00 110.00 108.00 105.00 104.00 99.00 95.00 94.00 93.00 94.00 93.00 92.00 92.00 95.00 98.00 105.00 110.00 113.00 117.00 124.00 128.00 133.00 141.00 147.00 156.00 166.00 181.00 196.00 210.00 226.00 247.00 273.00 317.00
-9999 -9999 -9999 -9999 -9999 -9999 -9999 -9999 689.00 672.00 643.00 615.00 584.00 562.00 536.00 506.00 476.00 454.00 431.00 405.00 384.00 357.00 331.00 314.00 297.00 277.00 259.00 241.00 222.00 206.00 191.00 178.00 166.00 156.00 147.00 142.00 138.00 130.00 124.00 120.00 115.00 112.00 109.00 106.00 105.00 102.00 98.00 97.00 95.00 94.00 92.00 92.00 91.00 94.00 94.00 98.00 103.00 106.00 110.00 114.00 120.00 123.00 128.00 135.00 147.00 153.00 167.00 182.00 196.00 213.00 231.00 251.00 273.00 307.00
-9999 -9999 -9999 -9999 -9999 -9999 -9999 -9999 -9999 616.00 591.00 571.00 544.00 521.00 501.00 474.00 445.00 421.00 404.00 383.00 359.00 339.00 314.00 297.00 279.00 264.00 246.00 230.00 212.00 198.00 186.00 171.00 160.00 152.00 144.00 136.00 132.00 128.00 122.00 118.00 114.00 110.00 105.00 103.00 101.00 100.00 96.00 95.00 94.00 93.00 92.00 92.00 95.00 96.00 98.00 100.00 102.00 107.00 108.00 113.00 120.00 123.00 135.00 144.00 146.00 161.00 172.00 185.00 200.00 217.00 233.00 255.00 277.00 302.00
-9999 -9999 -9999 -9999 -9999 -9999 -9999 -9999 -9999 558.00 545.00 523.00 504.00 483.00 463.00 443.00 419.00 392.00 375.00 359.00 341.00 321.00 300.00 281.00 265.00 250.00 235.00 219.00 205.00 190.00 179.00 167.00 154.00 145.00 139.00 132.00 125.00 124.00 120.00 116.00 111.00 109.00 107.00 103.00 97.00 96.00 96.00 96.00 93.00 92.00 92.00 92.00 93.00 96.00 99.00 99.00 102.00 106.00 111.00 115.00 119.00 130.00 141.00 157.00 155.00 161.00 179.00 194.00 208.00 224.00 242.00 258.00 278.00 301.00
-9999 -9999 -9999 -9999 -9999 -9999 -9999 -9999 -9999 -9999 498.00 482.00 463.00 447.00 425.00 411.00 390.00 368.00 346.00 333.00 318.00 301.00 281.00 264.00 246.00 236.00 224.00 212.00 198.00 181.00 169.00 160.00 149.00 141.00 134.00 128.00 122.00 120.00 118.00 114.00 110.00 109.00 103.00 100.00 97.00 95.00 93.00 97.00 94.00 93.00 93.00 93.00 94.00 95.00 98.00 100.00 102.00 106.00 113.00 119.00 124.00 129.00 144.00 152.00 161.00 177.00 183.00 197.00 217.00 234.00 253.00 276.00 296.00 310.00
-9999 -9999 -9999 -9999 -9999 -9999 -9999 -9999 -9999 -9999 453.00 444.00 423.00 410.00 394.00 376.00 360.00 341.00 323.00 311.00 295.00 281.00 261.00 246.00 232.00 221.00 211.00 201.00 187.00 177.00 162.00 151.00 143.00 135.00 129.00 124.00 118.00 115.00 117.00 111.00 107.00 104.00 99.00 97.00 97.00 94.00 95.00 96.00 93.00 92.00 94.00 95.00 97.00 98.00 100.00 102.00 102.00 107.00 113.00 119.00 126.00 134.00 147.00 169.00 172.00 180.00 195.00 211.00 221.00 239.00 266.00 286.00 310.00 336.00
-9999 -9999 -9999 -9999 -9999 -9999 -9999 -9999 -9999 -9999 410.00 404.00 388.00 375.00 361.00 346.00 331.00 313.00 297.00 288.00 276.00 258.00 244.00 231.00 218.00 211.00 200.00 190.00 178.00 167.00 160.00 150.00 141.00 134.00 128.00 119.00 114.00 113.00 113.00 110.00 107.00 105.00 101.00 97.00 95.00 95.00 96.00 96.00 94.00 95.00 95.00 95.00 98.00 98.00 101.00 104.00 107.00 109.00 114.00 122.00 128.00 139.00 153.00 159.00 170.00 184.00 199.00 215.00 232.00 249.00 264.00 285.00 315.00 344.00
-9999 -9999 -9999 -9999 -9999 -9999 -9999 -9999 -9999 -9999 -9999 361.00 351.00 338.00 325.00 313.00 300.00 287.00 273.00 265.00 256.00 239.00 226.00 215.00 207.00 200.00 191.00 181.00 172.00 162.00 153.00 146.00 137.00 130.00 125.00 119.00 118.00 115.00 109.00 107.00 105.00 101.00 99.00 98.00 95.00 97.00 95.00 97.00 95.00 95.00 95.00 97.00 99.00 102.00 102.00 103.00 106.00 109.00 112.00 121.00 127.00 136.00 147.00 158.00 172.00 187.00 203.00 218.00 236.00 259.00 277.00 287.00 311.00 349.00
-9999 -9999 -9999 -9999 -9999 -9999 -9999 -9999 -9999 -9999 -9999 -9999 323.00 314.00 300.00 284.00 272.00 259.00 245.00 236.00 229.00 223.00 211.00 199.00 195.00 191.00 182.00 174.00 164.00 157.00 150.00 143.00 135.00 129.00 123.00 118.00 117.00 117.00 116.00 111.00 104.00 103.00 100.00 97.00 96.00 98.00 98.00 99.00 97.00 96.00 96.00 99.00 102.00 102.00 103.00 104.00 106.00 113.00 112.00 118.00 125.00 136.00 149.00 160.00 174.00 186.00 203.00 223.00 241.00 262.00 276.00 296.00 319.00 345.00
-9999 -9999 -9999 -9999 -9999 -9999 -9999 -9999 -9999 -9999 -9999 -9999 294.00 287.00 275.00 263.00 252.00 240.00 225.00 217.00 210.00 205.00 197.00 186.00 182.00 179.00 174.00 166.00 159.00 151.00 144.00 139.00 132.00 127.00 119.00 117.00 113.00 112.00 108.00 106.00 102.00 99.00 99.00 98.00 98.00 97.00 100.00 99.00 97.00 98.00 97.00 99.00 101.00 104.00 104.00 107.00 107.00 113.00 119.00 125.00 127.00 139.00 152.00 166.00 178.00 188.00 203.00 214.00 229.00 251.00 275.00 298.00 319.00 348.00
-9999 -9999 -9999 -9999 -9999 -9999 -9999 -9999 -9999 -9999 -9999 -9999 268.00 262.00 253.00 245.00 233.00 223.00 212.00 201.00 194.00 191.00 184.00 175.00 172.00 168.00 167.00 159.00 151.00 146.00 140.00 133.00 126.00 120.00 115.00 112.00 112.00 109.00 106.00 103.00 100.00 97.00 96.00 96.00 96.00 96.00 97.00 101.00 99.00 97.00 98.00 97.00 99.00 101.00 104.00 105.00 110.00 114.00 120.00 126.00 136.00 145.00 155.00 166.00 178.00 190.00 210.00 227.00 243.00 258.00 279.00 303.00 326.00 356.00
-9999 -9999 -9999 -9999 -9999 -9999 -9999 -9999 -9999 -9999 -9999 -9999 244.00 240.00 234.00 227.00 217.00 207.00 197.00 188.00 182.00 178.00 173.00 167.00 163.00 159.00 157.00 152.00 146.00 139.00 133.00 130.00 124.00 117.00 112.00 108.00 108.00 104.00 102.00 101.00 99.00 96.00 96.00 97.00 99.00 97.00 97.00 98.00 101.00 99.00 99.00 100.00 100.00 101.00 103.00 105.00 111.00 117.00 124.00 130.00 135.00 147.00 157.00 167.00 178.00 195.00 212.00 230.00 250.00 271.00 291.00 317.00 338.00 356.00
-9999 -9999 -9999 -9999 -9999 -9999 -9999 -9999 -9999 -9999 -9999 -9999 222.00 220.00 218.00 209.00 201.00 193.00 185.00 177.00 173.00 169.00 163.00 160.00 153.00 151.00 149.00 144.00 141.00 134.00 128.00 123.00 120.00 116.00 114.00 109.00 106.00 103.00 100.00 100.00 98.00 97.00 97.00 97.00 98.00 98.00 97.00 98.00 100.00 102.00 100.00 100.00 101.00 103.00 104.00 104.00 110.00 116.00 124.00 130.00 139.00 148.00 158.00 171.00 184.00 196.00 207.00 226.00 246.00 264.00 286.00 304.00 326.00 354.00
-9999 -9999 -9999 -9999 -9999 -9999 -9999 -9999 -9999 -9999 -9999 -9999 203.00 201.00 201.00 193.00 186.00 181.00 174.00 168.00 165.00 163.00 158.00 150.00 146.00 142.00 140.00 136.00 132.00 127.00 122.00 119.00 116.00 114.00 110.00 107.00 106.00 103.00 101.00 101.00 100.00 101.00 96.00 98.00 96.00 95.00 96.00 98.00 98.00 99.00 101.00 101.00 100.00 100.00 104.00 103.00 108.00 115.00 120.00 124.00 137.00 149.00 159.00 172.00 184.00 199.00 215.00 234.00 250.00 267.00 286.00 304.00 324.00 351.00
-9999 -9999 -9999 -9999 -9999 -9999 -9999 -9999 -9999 -9999 -9999 -9999 186.00 185.00 184.00 179.00 174.00 170.00 165.00 160.00 157.00 155.00 153.00 146.00 140.00 138.00 135.00 131.00 128.00 126.00 122.00 116.00 111.00 109.00 106.00 106.00 108.00 108.00 104.00 104.00 102.00 100.00 98.00 97.00 95.00 95.00 95.00 99.00 100.00 98.00 102.00 104.00 102.00 102.00 107.00 105.00 106.00 111.00 117.00 126.00 136.00 144.00 156.00 167.00 182.00 195.00 210.00 225.00 243.00 264.00 287.00 306.00 326.00 346.00
-9999 -9999 -9999 -9999 -9999 -9999 -9999 -9999 -9999 -9999 -9999 -9999 170.00 172.00 170.00 166.00 162.00 159.00 156.00 151.00 150.00 149.00 147.00 142.00 138.00 145.00 139.00 142.00 134.00 129.00 122.00 116.00 109.00 111.00 106.00 104.00 101.00 101.00 101.00 99.00 99.00 97.00 102.00 96.00 103.00 100.00 98.00 105.00 105.00 106.00 101.00 104.00 105.00 104.00 105.00 106.00 106.00 109.00 117.00 119.00 129.00 137.00 146.00 160.00 176.00 190.00 206.00 226.00 240.00 256.00 278.00 291.00 312.00 335.00
-9999 -9999 -9999 -9999 -9999 -9999 -9999 -9999 -9999 -9999 -9999 -9999 158.00 160.00 158.00 157.00 152.00 150.00 147.00 144.00 142.00 143.00 140.00 135.00 131.00 126.00 128.00 132.00 143.00 157.00 135.00 115.00 112.00 107.00 105.00 105.00 102.00 102.00 101.00 99.00 98.00 99.00 99.00 104.00 117.00 131.00 114.00 111.00 110.00 104.00 101.00 104.00 111.00 112.00 106.00 107.00 108.00 110.00 111.00 114.00 120.00 130.00 138.00 153.00 166.00 181.00 200.00 214.00 230.00 242.00 260.00 284.00 306.00 330.00
-9999 -9999 -9999 -9999 -9999 -9999 -9999 -9999 -9999 -9999 -9999 -9999 150.00 152.00 149.00 148.00 145.00 141.00 139.00 138.00 134.00 134.00 134.00 131.00 126.00 125.00 122.00 121.00 144.00 172.00 119.00 114.00 116.00 111.00 108.00 105.00 104.00 103.00 101.00 100.00 99.00 100.00 98.00 123.00 141.00 140.00 151.00 123.00 132.00 149.00 111.00 106.00 110.00 133.00 112.00 107.00 109.00 111.00 113.00 112.00 117.00 118.00 132.00 147.00 161.00 172.00 186.00 202.00 221.00 238.00 258.00 273.00 298.00 327.00
-9999 -9999 -9999 -9999 -9999 -9999 -9999 -9999 -9999 -9999 -9999 -9999 143.00 144.00 142.00 140.00 139.00 134.00 132.00 133.00 129.00 129.00 128.00 127.00 126.00 122.00 124.00 137.00 148.00 133.00 119.00 122.00 134.00 123.00 107.00 106.00 103.00 102.00 101.00 99.00 101.00 99.00 99.00 104.00 122.00 158.00 171.00 164.00 149.00 163.00 172.00 117.00 114.00 113.00 131.00 108.00 109.00 111.00 117.00 119.00 137.00 172.00 130.00 136.00 146.00 153.00 172.00 190.00 213.00 228.00 248.00 267.00 292.00 313.00
-9999 -9999 -9999 -9999 -9999 -9999 -9999 -9999 -9999 -9999 -9999 -9999 218.00 171.00 138.00 134.00 133.00 132.00 128.00 129.00 125.00 125.00 123.00 123.00 124.00 121.00 126.00 170.00 161.00 128.00 168.00 166.00 154.00 116.00 106.00 106.00 103.00 101.00 99.00 101.00 99.00 101.00 103.00 108.00 143.00 175.00 212.00 204.00 193.00 190.00 184.00 160.00 127.00 115.00 127.00 110.00 111.00 110.00 112.00 114.00 137.00 207.00 153.00 126.00 138.00 157.00 173.00 188.00 207.00 231.00 250.00 271.00 287.00 305.00
-9999 -9999 -9999 -9999 -9999 -9999 -9999 -9999 -9999 -9999 -9999 -9999 -9999 253.00 155.00 133.00 132.00 132.00 127.00 131.00 124.00 122.00 121.00 121.00 121.00 120.00 122.00 157.00 134.00 126.00 142.00 135.00 124.00 113.00 108.00 103.00 100.00 101.00 100.00 101.00 102.00 102.00 103.00 108.00 119.00 149.00 196.00 238.00 267.00 320.00 293.00 182.00 157.00 129.00 124.00 113.00 116.00 111.00 112.00 122.00 150.00 167.00 143.00 130.00 130.00 146.00 166.00 190.00 204.00 226.00 239.00 256.00 275.00 302.00
-9999 -9999 -9999 -9999 -9999 -9999 -9999 -9999 -9999 -9999 -9999 -9999 -9999 -9999 281.00 149.00 135.00 136.00 154.00 232.00 183.00 144.00 124.00 124.00 120.00 119.00 119.00 126.00 125.00 123.00 128.00 128.00 136.00 113.00 107.00 105.00 102.00 103.00 102.00 101.00 103.00 103.00 106.00 108.00 130.00 151.00 228.00 285.00 288.00 339.00 400.00 369.00 241.00 194.00 124.00 120.00 122.00 116.00 116.00 119.00 134.00 150.00 137.00 146.00 137.00 142.00 170.00 189.00 205.00 219.00 238.00 262.00 288.00 306.00
-9999 -9999 -9999 -9999 -9999 -9999 -9999 -9999 -9999 -9999 -9999 -9999 -9999 -9999 340.00 178.00 153.00 199.00 202.00 286.00 256.00 170.00 129.00 128.00 133.00 130.00 127.00 133.00 134.00 142.00 145.00 142.00 146.00 119.00 110.00 104.00 102.00 114.00 159.00 121.00 109.00 106.00 107.00 110.00 111.00 135.00 186.00 256.00 311.00 345.00 374.00 388.00 456.00 372.00 145.00 129.00 150.00 163.00 142.00 130.00 141.00 150.00 144.00 146.00 132.00 145.00 165.00 180.00 198.00 220.00 237.00 260.00 279.00 298.00
-9999 -9999 -9999 -9999 -9999 -9999 -9999 -9999 -9999 -9999 -9999 -9999 -9999 -9999 -9999 242.00 293.00 243.00 303.00 280.00 251.00 147.00 150.00 144.00 195.00 206.00 201.00 192.00 202.00 215.00 199.00 191.00 205.00 151.00 121.00 116.00 131.00 187.00 197.00 203.00 137.00 109.00 109.00 110.00 118.00 131.00 190.00 -9999 -9999 -9999 -9999 -9999 -9999 463.00 179.00 150.00 148.00 185.00 176.00 150.00 149.00 155.00 165.00 143.00 130.00 145.00 163.00 180.00 197.00 214.00 231.00 251.00 268.00 282.00
-9999 -9999 -9999 -9999 -9999 -9999 -9999 -9999 -9999 -9999 -9999 -9999 -9999 -9999 -9999 -9999 -9999 291.00 293.00 216.00 209.00 254.00 238.00 272.00 239.00 378.00 333.00 300.00 328.00 284.00 261.00 326.00 370.00 306.00 285.00 269.00 255.00 253.00 233.00 213.00 166.00 118.00 113.00 119.00 149.00 175.00 231.00 -9999 -9999 -9999 -9999 -9999 -9999 558.00 323.00 215.00 199.00 202.00 187.00 161.00 160.00 197.00 193.00 129.00 142.00 150.00 164.00 172.00 189.00 205.00 224.00 241.00 256.00 272.00
-9999 -9999 -9999 -9999 -9999 -9999 -9999 -9999 -9999 -9999 -9999 -9999 -9999 -9999 -9999 -9999 -9999 -9999 317.00 339.00 374.00 377.00 385.00 379.00 420.00 417.00 425.00 507.00 416.00 495.00 493.00 472.00 478.00 -9999 -9999 -9999 -9999 -9999 230.00 194.00 166.00 137.00 121.00 132.00 208.00 204.00 242.00 -9999 -9999 -9999 -9999 -9999 -9999 392.00 501.00 373.00 278.00 287.00 269.00 193.00 213.00 254.00 147.00 126.00 139.00 151.00 162.00 176.00 196.00 209.00 221.00 234.00 246.00 261.00
-9999 -9999 -9999 -9999 -9999 -9999 -9999 -9999 -9999 -9999 -9999 -9999 -9999 -9999 -9999 -9999 -9999 -9999 445.00 468.00 -9999 -9999 -9999 -9999 -9999 -9999 -9999 -9999 650.00 -9999 -9999 -9999 -9999 -9999 -9999 -9999 -9999 -9999 217.00 207.00 201.00 181.00 143.00 153.00 193.00 247.00 227.00 -9999 -9999 -9999 -9999 -9999 -9999 -9999 -9999 590.00 488.00 495.00 415.00 363.00 319.00 219.00 142.00 134.00 140.00 146.00 156.00 173.00 184.00 200.00 212.00 227.00 236.00 252.00
-9999 -9999 -9999 -9999 -9999 -9999 -9999 -9999 -9999 -9999 -9999 -9999 -9999 -9999 -9999 -9999 -9999 -9999 -9999 -9999 -9999 -9999 -9999 -9999 -9999 -9999 -9999 -9999 -9999 -9999 -9999 -9999 -9999 -9999 -9999 -9999 -9999 -9999 -9999 203.00 199.00 194.00 145.00 146.00 172.00 239.00 227.00 -9999 -9999 -9999 -9999 -9999 -9999 -9999 469.00 595.00 591.00 694.00 598.00 580.00 514.00 295.00 166.00 137.00 142.00 151.00 162.00 171.00 181.00 191.00 205.00 220.00 229.00 243.00
-9999 -9999 -9999 -9999 -9999 -9999 -9999 -9999 -9999 -9999 -9999 -9999 -9999 -9999 -9999 -9999 -9999 -9999 -9999 -9999 -9999 -9999 -9999 -9999 -9999 -9999 -9999 -9999 -9999 -9999 -9999 -9999 -9999 -9999 -9999 -9999 -9999 -9999 -9999 -9999 194.00 178.00 156.00 214.00 -9999 -9999 -9999 -9999 -9999 -9999 -9999 -9999 -9999 300.00 334.00 371.00 379.00 453.00 465.00 489.00 434.00 303.00 144.00 137.00 137.00 141.00 146.00 157.00 177.00 194.00 205.00 213.00 223.00 230.00
-9999 -9999 -9999 -9999 -9999 -9999 -9999 -9999 -9999 -9999 -9999 -9999 -9999 -9999 -9999 -9999 -9999 -9999 -9999 -9999 -9999 -9999 -9999 -9999 -9999 -9999 -9999 -9999 -9999 -9999 -9999 -9999 -9999 -9999 -9999 -9999 -9999 -9999 -9999 -9999 -9999 -9999 -9999 -9999 -9999 -9999 -9999 -9999 -9999 -9999 -9999 -9999 -9999 244.00 229.00 229.00 251.00 256.00 272.00 281.00 226.00 179.00 139.00 147.00 151.00 141.00 141.00 155.00 166.00 186.00 196.00 205.00 216.00 221.00
-9999 -9999 -9999 -9999 -9999 -9999 -9999 -9999 -9999 -9999 -9999 -9999 -9999 -9999 -9999 -9999 -9999 -9999 -9999 -9999 -9999 -9999 -9999 -9999 -9999 -9999 -9999 -9999 -9999 -9999 -9999 -9999 -9999 -9999 -9999 -9999 -9999 -9999 -9999 -9999 -9999 -9999 -9999 -9999 -9999 -9999 -9999 -9999 -9999 -9999 -9999 -9999 234.00 190.00 196.00 239.00 265.00 189.00 198.00 176.00 146.00 137.00 137.00 142.00 154.00 162.00 166.00 159.00 162.00 171.00 183.00 195.00 205.00 207.00
-9999 -9999 -9999 -9999 -9999 -9999 -9999 -9999 -9999 -9999 -9999 -9999 -9999 -9999 -9999 -9999 -9999 -9999 -9999 -9999 -9999 -9999 -9999 -9999 -9999 -9999 -9999 -9999 -9999 -9999 -9999 -9999 -9999 -9999 -9999 -9999 -9999 -9999 -9999 -9999 -9999 -9999 -9999 -9999 -9999 -9999 -9999 -9999 -9999 -9999 -9999 232.00 216.00 168.00 203.00 257.00 234.00 179.00 192.00 146.00 137.00 137.00 137.00 138.00 162.00 158.00 166.00 188.00 176.00 155.00 165.00 180.00 192.00 189.00
