gifHs/dem_example.txt
ncols	 274
nrows	 166
xllcorner	 110.4000000000
yllcorner	 -8.1583333333
cellsize	 0.00833333333333
NODATA_value  -9999 
[rows 33 to 65 of 166, columns 74 to 147 of 274]
-9999 -9999 -9999 -9999 -9999 -9999 -9999 -9999 -9999 -9999 -9999 -9999 -9999 -9999 -9999 -9999 -9999 -9999 -9999 -9999 -9999 -9999 -9999 -9999 -9999 -9999 -9999 -9999 -9999 -9999 -9999 -9999 -9999 -9999 -9999 -9999 -9999 -9999 -9999 -9999 -9999 -9999 -9999 -9999 -9999 -9999 -9999 -9999 -9999 -9999 -9999 -9999 -9999 -9999 -9999 165.00 166.00 161.00 144.00 149.00 138.00 149.00 159.00 167.00 163.00 162.00 167.00 175.00 167.00 160.00 134.00 104.00 78.00 72.00
-9999 -9999 -9999 -9999 -9999 -9999 -9999 -9999 -9999 -9999 -9999 -9999 -9999 -9999 -9999 -9999 -9999 -9999 -9999 -9999 -9999 -9999 -9999 -9999 -9999 -9999 -9999 -9999 -9999 -9999 -9999 -9999 -9999 -9999 -9999 -9999 -9999 -9999 -9999 -9999 -9999 -9999 -9999 -9999 -9999 -9999 -9999 -9999 -9999 203.00 207.00 211.00 194.00 191.00 164.00 147.00 145.00 135.00 129.00 139.00 134.00 136.00 151.00 182.00 197.00 217.00 224.00 214.00 203.00 185.00 151.00 111.00 88.00 67.00
-9999 -9999 -9999 -9999 -9999 -9999 -9999 -9999 -9999 -9999 -9999 -9999 -9999 -9999 -9999 -9999 -9999 -9999 -9999 -9999 -9999 -9999 -9999 -9999 -9999 -9999 -9999 -9999 -9999 -9999 -9999 -9999 -9999 -9999 -9999 -9999 -9999 -9999 -9999 -9999 -9999 -9999 -9999 -9999 -9999 -9999 -9999 -9999 189.00 155.00 156.00 151.00 143.00 138.00 127.00 134.00 140.00 128.00 129.00 141.00 130.00 110.00 129.00 160.00 155.00 189.00 176.00 171.00 166.00 136.00 94.00 81.00 66.00 58.00
-9999 -9999 -9999 -9999 -9999 -9999 -9999 -9999 -9999 -9999 -9999 -9999 -9999 -9999 -9999 -9999 -9999 -9999 -9999 -9999 -9999 -9999 -9999 -9999 -9999 -9999 -9999 -9999 -9999 -9999 -9999 -9999 -9999 -9999 -9999 -9999 -9999 -9999 -9999 -9999 -9999 -9999 -9999 -9999 -9999 213.00 189.00 174.00 196.00 159.00 137.00 145.00 146.00 121.00 117.00 124.00 125.00 111.00 120.00 143.00 127.00 94.00 88.00 94.00 113.00 116.00 105.00 93.00 89.00 75.00 64.00 51.00 53.00 62.00
-9999 -9999 -9999 -9999 -9999 -9999 -9999 -9999 -9999 -9999 -9999 -9999 -9999 -9999 -9999 -9999 -9999 -9999 -9999 -9999 -9999 -9999 -9999 -9999 -9999 -9999 -9999 -9999 -9999 -9999 -9999 -9999 -9999 -9999 -9999 -9999 -9999 -9999 -9999 -9999 -9999 -9999 -9999 185.00 188.00 148.00 150.00 155.00 161.00 144.00 136.00 153.00 121.00 93.00 91.00 94.00 105.00 92.00 97.00 119.00 123.00 114.00 102.00 85.00 82.00 73.00 72.00 69.00 73.00 65.00 57.00 49.00 55.00 70.00
-9999 -9999 -9999 -9999 -9999 -9999 -9999 -9999 -9999 -9999 -9999 -9999 -9999 -9999 -9999 -9999 -9999 -9999 -9999 -9999 -9999 -9999 -9999 -9999 -9999 -9999 -9999 -9999 -9999 -9999 -9999 -9999 -9999 -9999 -9999 -9999 -9999 -9999 -9999 149.00 146.00 146.00 138.00 139.00 145.00 131.00 128.00 131.00 139.00 133.00 143.00 143.00 109.00 104.00 94.00 84.00 89.00 87.00 83.00 96.00 102.00 101.00 90.00 80.00 64.00 57.00 62.00 59.00 73.00 58.00 53.00 45.00 48.00 62.00
-9999 -9999 -9999 -9999 -9999 -9999 -9999 -9999 -9999 -9999 -9999 -9999 -9999 -9999 -9999 -9999 -9999 -9999 -9999 -9999 -9999 -9999 -9999 -9999 -9999 -9999 -9999 -9999 -9999 -9999 -9999 -9999 -9999 -9999 -9999 -9999 -9999 -9999 129.00 131.00 119.00 125.00 135.00 133.00 129.00 116.00 119.00 122.00 128.00 123.00 144.00 141.00 127.00 105.00 89.00 84.00 78.00 85.00 78.00 90.00 90.00 83.00 74.00 70.00 65.00 54.00 51.00 56.00 57.00 65.00 60.00 48.00 45.00 53.00
-9999 -9999 -9999 -9999 -9999 -9999 -9999 -9999 -9999 -9999 -9999 -9999 -9999 -9999 -9999 -9999 -9999 -9999 -9999 -9999 -9999 -9999 -9999 -9999 -9999 -9999 -9999 -9999 -9999 -9999 -9999 -9999 -9999 -9999 -9999 -9999 -9999 123.00 119.00 129.00 119.00 129.00 132.00 129.00 113.00 101.00 114.00 109.00 113.00 110.00 131.00 137.00 125.00 113.00 94.00 78.00 74.00 76.00 77.00 89.00 97.00 88.00 86.00 66.00 62.00 54.00 46.00 46.00 42.00 49.00 48.00 39.00 46.00 52.00
-9999 -9999 -9999 -9999 -9999 -9999 -9999 -9999 -9999 -9999 -9999 -9999 -9999 -9999 -9999 -9999 -9999 -9999 -9999 -9999 -9999 -9999 -9999 -9999 -9999 -9999 -9999 -9999 -9999 -9999 -9999 -9999 -9999 -9999 -9999 -9999 -9999 116.00 110.00 101.00 103.00 115.00 127.00 111.00 108.00 95.00 103.00 101.00 102.00 108.00 120.00 118.00 112.00 100.00 85.00 74.00 70.00 75.00 89.00 97.00 106.00 98.00 83.00 65.00 62.00 53.00 54.00 50.00 42.00 37.00 44.00 39.00 54.00 51.00
-9999 -9999 -9999 -9999 -9999 -9999 -9999 -9999 -9999 -9999 -9999 -9999 -9999 -9999 -9999 -9999 -9999 -9999 -9999 -9999 -9999 -9999 -9999 -9999 -9999 -9999 -9999 -9999 -9999 -9999 -9999 -9999 -9999 -9999 -9999 -9999 -9999 113.00 110.00 96.00 85.00 84.00 94.00 92.00 92.00 91.00 94.00 106.00 96.00 103.00 107.00 104.00 107.00 92.00 80.00 72.00 69.00 77.00 87.00 102.00 103.00 88.00 78.00 73.00 66.00 68.00 64.00 64.00 49.00 42.00 34.00 37.00 44.00 44.00
-9999 -9999 -9999 -9999 -9999 -9999 -9999 -9999 -9999 -9999 -9999 -9999 -9999 -9999 -9999 -9999 -9999 -9999 -9999 -9999 -9999 -9999 -9999 -9999 -9999 -9999 -9999 -9999 -9999 -9999 -9999 -9999 -9999 -9999 -9999 113.00 105.00 112.00 109.00 95.00 82.00 79.00 83.00 94.00 78.00 82.00 99.00 93.00 92.00 92.00 94.00 112.00 101.00 84.00 73.00 67.00 66.00 83.00 114.00 132.00 91.00 77.00 71.00 68.00 58.00 60.00 54.00 52.00 48.00 36.00 33.00 32.00 33.00 33.00
-9999 -9999 -9999 -9999 -9999 -9999 -9999 -9999 -9999 -9999 -9999 -9999 -9999 -9999 -9999 -9999 -9999 -9999 -9999 -9999 -9999 -9999 -9999 -9999 -9999 -9999 -9999 -9999 -9999 -9999 -9999 -9999 -9999 130.00 121.00 120.00 113.00 121.00 125.00 110.00 91.00 78.00 79.00 89.00 74.00 77.00 82.00 82.00 80.00 91.00 103.00 106.00 96.00 83.00 77.00 70.00 63.00 84.00 113.00 94.00 79.00 66.00 60.00 59.00 51.00 49.00 50.00 41.00 42.00 32.00 30.00 30.00 29.00 29.00
-9999 -9999 -9999 -9999 -9999 -9999 -9999 -9999 -9999 -9999 -9999 -9999 -9999 -9999 -9999 -9999 -9999 -9999 -9999 -9999 -9999 -9999 -9999 -9999 -9999 -9999 -9999 -9999 -9999 -9999 -9999 -9999 122.00 112.00 105.00 98.00 91.00 97.00 101.00 99.00 95.00 80.00 71.00 73.00 67.00 68.00 69.00 80.00 89.00 95.00 95.00 88.00 92.00 86.00 77.00 72.00 63.00 67.00 74.00 74.00 71.00 68.00 57.00 55.00 50.00 42.00 41.00 35.00 32.00 31.00 30.00 30.00 30.00 29.00
-9999 -9999 -9999 -9999 -9999 -9999 -9999 -9999 -9999 -9999 -9999 -9999 -9999 -9999 -9999 -9999 -9999 -9999 -9999 -9999 -9999 -9999 -9999 -9999 -9999 -9999 -9999 -9999 -9999 -9999 -9999 111.00 105.00 94.00 96.00 85.00 85.00 82.00 82.00 83.00 84.00 86.00 74.00 64.00 62.00 71.00 82.00 90.00 89.00 79.00 87.00 74.00 78.00 82.00 83.00 74.00 66.00 58.00 61.00 65.00 64.00 61.00 61.00 47.00 51.00 41.00 33.00 30.00 32.00 32.00 28.00 30.00 30.00 30.00
-9999 -9999 -9999 -9999 -9999 -9999 -9999 -9999 -9999 -9999 -9999 -9999 -9999 -9999 -9999 -9999 -9999 -9999 -9999 -9999 -9999 -9999 -9999 -9999 -9999 -9999 -9999 -9999 -9999 91.00 92.00 93.00 90.00 82.00 78.00 76.00 76.00 73.00 73.00 70.00 72.00 77.00 75.00 68.00 59.00 68.00 76.00 82.00 75.00 69.00 76.00 67.00 74.00 71.00 80.00 68.00 57.00 54.00 57.00 57.00 56.00 54.00 54.00 45.00 43.00 33.00 31.00 30.00 31.00 32.00 33.00 31.00 31.00 34.00
-9999 -9999 -9999 -9999 -9999 -9999 -9999 -9999 -9999 -9999 -9999 -9999 -9999 -9999 -9999 -9999 -9999 -9999 -9999 -9999 -9999 -9999 -9999 -9999 -9999 -9999 -9999 -9999 85.00 85.00 83.00 82.00 80.00 78.00 75.00 73.00 68.00 67.00 65.00 64.00 64.00 66.00 68.00 65.00 60.00 58.00 66.00 64.00 61.00 59.00 57.00 56.00 56.00 59.00 59.00 54.00 50.00 51.00 52.00 51.00 50.00 48.00 47.00 44.00 37.00 34.00 31.00 30.00 30.00 34.00 44.00 35.00 40.00 42.00
-9999 -9999 -9999 -9999 -9999 -9999 -9999 -9999 -9999 -9999 -9999 -9999 -9999 -9999 -9999 -9999 -9999 -9999 -9999 -9999 -9999 -9999 -9999 -9999 -9999 -9999 -9999 90.00 91.00 88.00 86.00 84.00 83.00 78.00 74.00 69.00 68.00 64.00 63.00 59.00 58.00 58.00 57.00 55.00 53.00 55.00 53.00 52.00 50.00 50.00 50.00 51.00 50.00 50.00 48.00 45.00 46.00 50.00 48.00 47.00 47.00 44.00 42.00 41.00 37.00 32.00 31.00 30.00 32.00 44.00 48.00 35.00 44.00 51.00
-9999 -9999 -9999 -9999 -9999 -9999 -9999 -9999 -9999 -9999 -9999 -9999 -9999 -9999 -9999 -9999 -9999 -9999 -9999 -9999 -9999 -9999 -9999 -9999 -9999 -9999 96.00 97.00 96.00 93.00 93.00 90.00 86.00 81.00 78.00 75.00 73.00 70.00 67.00 63.00 61.00 56.00 54.00 53.00 49.00 51.00 48.00 47.00 48.00 46.00 45.00 46.00 46.00 45.00 43.00 46.00 46.00 46.00 45.00 43.00 41.00 41.00 41.00 43.00 37.00 31.00 34.00 41.00 37.00 44.00 49.00 40.00 44.00 56.00
-9999 -9999 -9999 -9999 -9999 -9999 -9999 -9999 -9999 -9999 -9999 -9999 -9999 -9999 -9999 -9999 -9999 -9999 -9999 -9999 -9999 -9999 -9999 -9999 -9999 -9999 117.00 107.00 108.00 107.00 112.00 98.00 88.00 88.00 85.00 83.00 79.00 74.00 74.00 74.00 66.00 62.00 59.00 56.00 58.00 55.00 51.00 49.00 46.00 43.00 42.00 42.00 42.00 42.00 41.00 42.00 41.00 42.00 43.00 40.00 38.00 34.00 35.00 37.00 34.00 33.00 39.00 45.00 48.00 45.00 51.00 46.00 42.00 50.00
-9999 -9999 -9999 -9999 -9999 -9999 -9999 -9999 -9999 -9999 -9999 -9999 -9999 -9999 -9999 -9999 -9999 -9999 -9999 -9999 -9999 -9999 -9999 -9999 -9999 -9999 154.00 120.00 127.00 134.00 132.00 119.00 95.00 102.00 106.00 94.00 88.00 87.00 90.00 84.00 81.00 72.00 64.00 60.00 65.00 61.00 56.00 50.00 47.00 46.00 43.00 42.00 41.00 40.00 39.00 40.00 39.00 39.00 38.00 39.00 37.00 34.00 33.00 34.00 35.00 40.00 37.00 50.00 57.00 54.00 54.00 53.00 46.00 47.00
-9999 -9999 -9999 -9999 -9999 -9999 -9999 -9999 -9999 -9999 -9999 -9999 -9999 -9999 -9999 -9999 -9999 -9999 -9999 -9999 -9999 -9999 -9999 -9999 174.00 161.00 142.00 128.00 148.00 154.00 147.00 141.00 118.00 123.00 129.00 122.00 111.00 109.00 104.00 103.00 96.00 81.00 69.00 80.00 89.00 73.00 69.00 57.00 54.00 51.00 49.00 45.00 42.00 39.00 39.00 38.00 37.00 37.00 36.00 36.00 35.00 33.00 34.00 34.00 35.00 44.00 38.00 41.00 48.00 57.00 56.00 53.00 49.00 50.00
-9999 -9999 -9999 -9999 -9999 -9999 -9999 -9999 -9999 -9999 -9999 -9999 -9999 -9999 -9999 -9999 -9999 -9999 -9999 -9999 -9999 -9999 -9999 -9999 182.00 169.00 167.00 161.00 165.00 156.00 153.00 153.00 124.00 125.00 142.00 134.00 125.00 119.00 113.00 114.00 100.00 86.00 76.00 89.00 89.00 81.00 75.00 65.00 61.00 57.00 50.00 45.00 41.00 40.00 39.00 38.00 35.00 36.00 35.00 36.00 34.00 34.00 35.00 35.00 38.00 46.00 39.00 41.00 43.00 49.00 58.00 56.00 55.00 53.00
-9999 -9999 -9999 -9999 -9999 -9999 -9999 -9999 -9999 -9999 -9999 -9999 -9999 -9999 -9999 -9999 -9999 -9999 -9999 -9999 -9999 -9999 -9999 192.00 191.00 194.00 181.00 171.00 162.00 158.00 157.00 157.00 145.00 154.00 158.00 144.00 139.00 122.00 112.00 113.00 105.00 89.00 85.00 120.00 106.00 87.00 76.00 70.00 63.00 54.00 49.00 46.00 42.00 39.00 36.00 35.00 35.00 34.00 33.00 35.00 34.00 34.00 35.00 39.00 39.00 46.00 44.00 45.00 45.00 45.00 53.00 60.00 57.00 56.00
-9999 -9999 -9999 -9999 -9999 -9999 -9999 -9999 -9999 -9999 -9999 153.00 -9999 -9999 -9999 -9999 -9999 -9999 -9999 -9999 -9999 -9999 178.00 172.00 167.00 180.00 171.00 170.00 175.00 166.00 155.00 156.00 141.00 153.00 160.00 140.00 129.00 127.00 111.00 117.00 108.00 109.00 105.00 129.00 108.00 95.00 94.00 90.00 70.00 60.00 56.00 48.00 41.00 49.00 46.00 34.00 36.00 35.00 35.00 34.00 35.00 38.00 39.00 41.00 43.00 44.00 51.00 47.00 51.00 48.00 47.00 59.00 60.00 62.00
-9999 -9999 -9999 -9999 -9999 -9999 -9999 -9999 -9999 -9999 146.00 137.00 148.00 -9999 -9999 -9999 -9999 -9999 -9999 -9999 -9999 -9999 168.00 156.00 149.00 155.00 156.00 162.00 164.00 167.00 163.00 156.00 143.00 149.00 142.00 130.00 127.00 126.00 125.00 122.00 111.00 124.00 108.00 128.00 118.00 114.00 102.00 88.00 78.00 73.00 59.00 47.00 40.00 49.00 44.00 41.00 39.00 44.00 38.00 37.00 40.00 43.00 44.00 48.00 50.00 50.00 51.00 54.00 58.00 51.00 51.00 53.00 64.00 63.00
-9999 -9999 -9999 -9999 -9999 -9999 -9999 -9999 139.00 143.00 142.00 129.00 136.00 143.00 143.00 -9999 -9999 155.00 -9999 -9999 -9999 163.00 164.00 157.00 147.00 138.00 144.00 142.00 143.00 147.00 146.00 160.00 160.00 162.00 149.00 139.00 134.00 125.00 123.00 119.00 127.00 111.00 116.00 131.00 114.00 103.00 94.00 96.00 90.00 81.00 72.00 64.00 53.00 47.00 52.00 57.00 47.00 57.00 50.00 54.00 53.00 50.00 55.00 56.00 59.00 59.00 56.00 64.00 61.00 56.00 55.00 56.00 62.00 65.00
140.00 144.00 145.00 -9999 -9999 -9999 141.00 142.00 134.00 138.00 140.00 128.00 122.00 131.00 131.00 132.00 137.00 142.00 159.00 149.00 148.00 162.00 156.00 152.00 147.00 141.00 133.00 130.00 131.00 131.00 133.00 141.00 141.00 147.00 159.00 146.00 141.00 133.00 125.00 128.00 135.00 127.00 127.00 141.00 129.00 121.00 112.00 87.00 71.00 56.00 47.00 53.00 62.00 67.00 66.00 78.00 77.00 74.00 68.00 75.00 66.00 54.00 70.00 65.00 72.00 68.00 67.00 67.00 63.00 60.00 60.00 65.00 63.00 70.00
129.00 145.00 135.00 137.00 146.00 150.00 141.00 124.00 124.00 129.00 138.00 123.00 127.00 138.00 123.00 136.00 135.00 139.00 140.00 144.00 141.00 147.00 147.00 162.00 157.00 145.00 127.00 121.00 115.00 116.00 118.00 123.00 131.00 133.00 143.00 145.00 144.00 149.00 129.00 139.00 143.00 147.00 148.00 135.00 117.00 97.00 89.00 76.00 80.00 75.00 68.00 51.00 84.00 75.00 72.00 84.00 94.00 85.00 90.00 86.00 64.00 70.00 89.00 83.00 88.00 79.00 83.00 72.00 68.00 63.00 62.00 70.00 72.00 75.00
126.00 131.00 138.00 129.00 130.00 127.00 128.00 117.00 118.00 131.00 121.00 110.00 122.00 125.00 116.00 120.00 127.00 140.00 128.00 138.00 147.00 134.00 141.00 141.00 153.00 154.00 144.00 126.00 118.00 111.00 108.00 108.00 112.00 130.00 125.00 125.00 140.00 146.00 144.00 143.00 141.00 139.00 133.00 137.00 124.00 111.00 98.00 96.00 97.00 80.00 56.00 58.00 90.00 85.00 88.00 74.00 91.00 108.00 98.00 88.00 80.00 73.00 100.00 104.00 95.00 99.00 94.00 85.00 83.00 67.00 65.00 80.00 89.00 86.00
113.00 129.00 132.00 111.00 130.00 116.00 105.00 118.00 126.00 122.00 111.00 108.00 116.00 122.00 105.00 121.00 135.00 137.00 124.00 118.00 123.00 120.00 129.00 136.00 124.00 138.00 138.00 145.00 139.00 132.00 125.00 121.00 121.00 116.00 118.00 117.00 133.00 140.00 127.00 129.00 125.00 117.00 122.00 129.00 130.00 116.00 112.00 94.00 74.00 70.00 53.00 69.00 86.00 104.00 95.00 90.00 103.00 117.00 109.00 93.00 73.00 92.00 112.00 117.00 107.00 118.00 108.00 108.00 92.00 69.00 78.00 86.00 106.00 105.00
111.00 118.00 123.00 111.00 103.00 108.00 93.00 109.00 121.00 130.00 110.00 99.00 112.00 105.00 114.00 126.00 129.00 138.00 125.00 121.00 117.00 123.00 132.00 136.00 114.00 115.00 131.00 130.00 125.00 121.00 117.00 113.00 119.00 118.00 108.00 104.00 113.00 120.00 113.00 116.00 120.00 104.00 112.00 117.00 118.00 112.00 89.00 86.00 80.00 54.00 64.00 80.00 89.00 112.00 109.00 100.00 105.00 123.00 120.00 101.00 85.00 82.00 103.00 121.00 134.00 138.00 122.00 114.00 85.00 78.00 89.00 103.00 111.00 106.00
103.00 105.00 112.00 99.00 97.00 105.00 93.00 94.00 107.00 120.00 107.00 101.00 100.00 98.00 118.00 131.00 125.00 129.00 125.00 125.00 105.00 97.00 107.00 106.00 103.00 112.00 128.00 128.00 128.00 130.00 130.00 127.00 136.00 131.00 124.00 120.00 109.00 102.00 108.00 101.00 117.00 107.00 102.00 102.00 103.00 104.00 90.00 74.00 58.00 57.00 62.00 70.00 73.00 102.00 91.00 83.00 88.00 101.00 115.00 119.00 116.00 97.00 97.00 115.00 137.00 123.00 104.00 96.00 89.00 101.00 87.00 113.00 126.00 117.00
107.00 97.00 109.00 97.00 84.00 94.00 96.00 89.00 108.00 106.00 102.00 87.00 99.00 105.00 120.00 112.00 125.00 120.00 102.00 115.00 119.00 100.00 93.00 95.00 108.00 117.00 117.00 117.00 103.00 114.00 138.00 135.00 130.00 125.00 113.00 129.00 122.00 119.00 108.00 101.00 117.00 114.00 106.00 100.00 93.00 105.00 115.00 114.00 104.00 97.00 75.00 71.00 53.00 66.00 70.00 71.00 74.00 81.00 85.00 102.00 120.00 120.00 116.00 120.00 138.00 125.00 109.00 112.00 102.00 100.00 90.00 99.00 119.00 129.00
