gifHs/dem_example.txt
ncols	 274
nrows	 166
xllcorner	 110.4000000000
yllcorner	 -8.1583333333
cellsize	 0.00833333333333
NODATA_value  -9999 
[rows 33 to 65 of 166, columns 148 to 221 of 274]
85.00 81.00 126.00 205.00 220.00 238.00 209.00 179.00 115.00 89.00 81.00 68.00 61.00 56.00 50.00 46.00 41.00 39.00 34.00 30.00 29.00 34.00 44.00 67.00 60.00 75.00 79.00 98.00 149.00 172.00 195.00 153.00 114.00 125.00 183.00 236.00 239.00 235.00 244.00 272.00 275.00 232.00 184.00 161.00 115.00 68.00 20.00 16.00 17.00 12.00 11.00 10.00 11.00 11.00 11.00 9.00 10.00 9.00 10.00 8.00 8.00 9.00 8.00 8.00 7.00 5.00 6.00 6.00 6.00 8.00 7.00 6.00 5.00 6.00
72.00 70.00 85.00 121.00 160.00 184.00 184.00 232.00 172.00 98.00 90.00 86.00 79.00 64.00 58.00 54.00 48.00 43.00 37.00 32.00 29.00 29.00 31.00 32.00 40.00 48.00 73.00 90.00 115.00 145.00 138.00 112.00 95.00 111.00 163.00 182.00 172.00 156.00 159.00 142.00 129.00 112.00 101.00 66.00 33.00 17.00 12.00 12.00 13.00 11.00 12.00 12.00 13.00 13.00 10.00 10.00 9.00 9.00 9.00 9.00 9.00 9.00 8.00 8.00 7.00 7.00 8.00 7.00 7.00 7.00 7.00 6.00 6.00 8.00
63.00 70.00 82.00 92.00 94.00 103.00 128.00 190.00 206.00 144.00 119.00 106.00 90.00 81.00 75.00 65.00 57.00 49.00 43.00 39.00 32.00 30.00 30.00 28.00 26.00 39.00 65.00 88.00 101.00 110.00 119.00 109.00 92.00 93.00 102.00 107.00 97.00 90.00 80.00 69.00 56.00 39.00 26.00 12.00 14.00 14.00 14.00 13.00 13.00 14.00 13.00 14.00 13.00 14.00 12.00 10.00 9.00 10.00 9.00 9.00 9.00 9.00 8.00 9.00 7.00 8.00 8.00 8.00 10.00 9.00 9.00 8.00 6.00 3.00
79.00 82.00 75.00 77.00 78.00 80.00 85.00 114.00 168.00 194.00 176.00 163.00 144.00 121.00 90.00 75.00 68.00 58.00 50.00 50.00 41.00 41.00 39.00 37.00 29.00 25.00 43.00 74.00 92.00 87.00 72.00 67.00 69.00 63.00 62.00 65.00 63.00 55.00 45.00 36.00 30.00 20.00 14.00 12.00 13.00 14.00 14.00 13.00 13.00 14.00 12.00 12.00 11.00 14.00 12.00 11.00 11.00 11.00 11.00 10.00 9.00 8.00 9.00 9.00 8.00 11.00 10.00 10.00 9.00 9.00 7.00 7.00 7.00 6.00
72.00 79.00 82.00 68.00 79.00 66.00 73.00 64.00 81.00 125.00 134.00 152.00 153.00 146.00 149.00 119.00 88.00 63.00 52.00 45.00 42.00 44.00 48.00 43.00 32.00 24.00 46.00 82.00 95.00 62.00 52.00 52.00 56.00 53.00 47.00 47.00 44.00 38.00 32.00 26.00 22.00 16.00 13.00 13.00 13.00 13.00 15.00 11.00 11.00 11.00 11.00 11.00 11.00 11.00 12.00 13.00 13.00 13.00 14.00 14.00 9.00 8.00 9.00 9.00 11.00 11.00 10.00 9.00 8.00 8.00 7.00 8.00 8.00 8.00
67.00 68.00 67.00 63.00 71.00 57.00 56.00 48.00 46.00 50.00 54.00 58.00 67.00 73.00 110.00 105.00 124.00 107.00 71.00 39.00 36.00 34.00 35.00 36.00 35.00 25.00 26.00 51.00 62.00 48.00 45.00 49.00 45.00 43.00 43.00 37.00 32.00 29.00 23.00 21.00 17.00 16.00 13.00 13.00 15.00 15.00 13.00 13.00 12.00 12.00 11.00 11.00 11.00 11.00 10.00 11.00 11.00 12.00 12.00 12.00 11.00 11.00 10.00 10.00 10.00 11.00 10.00 9.00 9.00 9.00 9.00 8.00 10.00 10.00
55.00 54.00 59.00 55.00 61.00 48.00 42.00 37.00 32.00 30.00 30.00 34.00 35.00 37.00 45.00 47.00 46.00 55.00 58.00 38.00 36.00 29.00 27.00 31.00 35.00 27.00 22.00 27.00 38.00 37.00 46.00 45.00 39.00 37.00 38.00 34.00 30.00 27.00 23.00 20.00 17.00 14.00 13.00 14.00 14.00 14.00 13.00 13.00 11.00 13.00 11.00 12.00 11.00 11.00 10.00 11.00 11.00 11.00 12.00 12.00 12.00 12.00 12.00 12.00 13.00 10.00 10.00 9.00 10.00 9.00 10.00 9.00 9.00 9.00
47.00 48.00 50.00 46.00 50.00 47.00 36.00 33.00 25.00 24.00 23.00 24.00 24.00 24.00 26.00 26.00 23.00 23.00 22.00 24.00 24.00 24.00 24.00 25.00 31.00 37.00 27.00 24.00 34.00 35.00 41.00 46.00 50.00 48.00 40.00 33.00 29.00 26.00 23.00 20.00 17.00 16.00 15.00 15.00 15.00 15.00 14.00 14.00 12.00 14.00 13.00 13.00 14.00 11.00 10.00 11.00 11.00 12.00 11.00 11.00 10.00 10.00 12.00 11.00 11.00 11.00 12.00 11.00 13.00 15.00 14.00 12.00 10.00 11.00
41.00 42.00 45.00 41.00 43.00 42.00 33.00 29.00 24.00 24.00 24.00 24.00 23.00 26.00 24.00 23.00 23.00 23.00 24.00 21.00 21.00 22.00 22.00 21.00 20.00 22.00 25.00 30.00 37.00 28.00 30.00 38.00 36.00 36.00 48.00 33.00 32.00 26.00 21.00 18.00 16.00 14.00 15.00 15.00 15.00 15.00 14.00 14.00 13.00 15.00 14.00 13.00 23.00 16.00 14.00 17.00 23.00 21.00 15.00 12.00 11.00 15.00 20.00 21.00 21.00 18.00 22.00 22.00 20.00 25.00 24.00 23.00 15.00 13.00
40.00 36.00 33.00 35.00 36.00 29.00 26.00 25.00 24.00 24.00 24.00 23.00 27.00 32.00 27.00 27.00 26.00 23.00 23.00 22.00 22.00 22.00 22.00 22.00 22.00 20.00 20.00 21.00 24.00 25.00 31.00 31.00 28.00 28.00 28.00 21.00 27.00 25.00 22.00 20.00 16.00 14.00 15.00 16.00 16.00 16.00 15.00 14.00 14.00 15.00 14.00 13.00 21.00 26.00 21.00 30.00 25.00 18.00 13.00 22.00 28.00 39.00 49.00 47.00 45.00 47.00 45.00 39.00 41.00 36.00 35.00 21.00 14.00 16.00
35.00 31.00 29.00 29.00 28.00 25.00 25.00 25.00 25.00 24.00 24.00 27.00 34.00 33.00 28.00 28.00 33.00 29.00 27.00 27.00 26.00 22.00 21.00 21.00 21.00 20.00 21.00 20.00 20.00 20.00 21.00 22.00 21.00 18.00 17.00 18.00 17.00 16.00 17.00 16.00 18.00 15.00 17.00 15.00 16.00 16.00 15.00 14.00 15.00 15.00 14.00 13.00 13.00 18.00 22.00 23.00 17.00 19.00 15.00 13.00 19.00 27.00 35.00 38.00 40.00 45.00 47.00 49.00 52.00 48.00 39.00 27.00 18.00 21.00
29.00 32.00 29.00 27.00 26.00 25.00 26.00 25.00 24.00 24.00 29.00 37.00 35.00 39.00 32.00 31.00 34.00 36.00 30.00 26.00 24.00 23.00 22.00 21.00 20.00 20.00 21.00 20.00 20.00 21.00 20.00 20.00 18.00 17.00 17.00 17.00 16.00 17.00 16.00 15.00 15.00 17.00 16.00 15.00 17.00 16.00 16.00 16.00 17.00 16.00 14.00 15.00 14.00 14.00 14.00 15.00 14.00 14.00 13.00 13.00 13.00 14.00 16.00 18.00 20.00 22.00 25.00 27.00 28.00 30.00 28.00 25.00 19.00 22.00
28.00 26.00 26.00 27.00 27.00 26.00 26.00 27.00 25.00 25.00 28.00 36.00 41.00 41.00 35.00 34.00 37.00 37.00 31.00 27.00 26.00 24.00 23.00 20.00 19.00 20.00 20.00 19.00 20.00 21.00 21.00 19.00 17.00 18.00 16.00 17.00 18.00 17.00 16.00 15.00 15.00 17.00 16.00 16.00 18.00 17.00 17.00 17.00 17.00 17.00 16.00 16.00 14.00 14.00 16.00 16.00 15.00 14.00 15.00 15.00 15.00 14.00 14.00 14.00 14.00 15.00 16.00 17.00 18.00 18.00 18.00 18.00 17.00 18.00
30.00 27.00 28.00 28.00 29.00 28.00 27.00 28.00 31.00 28.00 34.00 35.00 44.00 44.00 37.00 37.00 40.00 37.00 31.00 28.00 28.00 27.00 24.00 21.00 18.00 19.00 19.00 20.00 20.00 19.00 20.00 18.00 18.00 16.00 16.00 18.00 18.00 17.00 18.00 18.00 17.00 17.00 17.00 16.00 17.00 19.00 18.00 19.00 19.00 17.00 16.00 16.00 16.00 16.00 17.00 17.00 17.00 16.00 16.00 16.00 17.00 15.00 15.00 15.00 16.00 15.00 16.00 17.00 20.00 18.00 20.00 20.00 20.00 20.00
35.00 27.00 28.00 30.00 31.00 35.00 33.00 35.00 35.00 41.00 42.00 41.00 45.00 42.00 38.00 41.00 43.00 38.00 32.00 31.00 32.00 28.00 24.00 22.00 19.00 19.00 19.00 19.00 20.00 18.00 18.00 17.00 18.00 18.00 18.00 19.00 19.00 19.00 20.00 18.00 18.00 18.00 17.00 18.00 19.00 19.00 19.00 20.00 19.00 19.00 17.00 16.00 17.00 18.00 18.00 18.00 19.00 17.00 17.00 18.00 17.00 17.00 16.00 16.00 17.00 18.00 18.00 20.00 21.00 20.00 24.00 23.00 22.00 22.00
48.00 41.00 34.00 30.00 32.00 33.00 38.00 40.00 37.00 40.00 45.00 44.00 49.00 41.00 41.00 42.00 46.00 41.00 33.00 36.00 34.00 30.00 29.00 25.00 21.00 21.00 20.00 21.00 20.00 19.00 17.00 19.00 18.00 19.00 19.00 20.00 20.00 22.00 20.00 19.00 18.00 19.00 19.00 20.00 20.00 21.00 21.00 21.00 21.00 19.00 19.00 18.00 18.00 20.00 21.00 21.00 20.00 19.00 19.00 20.00 18.00 18.00 17.00 17.00 18.00 18.00 21.00 23.00 23.00 23.00 26.00 26.00 25.00 25.00
56.00 46.00 47.00 34.00 38.00 35.00 37.00 43.00 44.00 37.00 42.00 46.00 51.00 47.00 42.00 43.00 49.00 43.00 37.00 41.00 38.00 33.00 29.00 26.00 24.00 23.00 22.00 24.00 21.00 20.00 19.00 21.00 19.00 21.00 22.00 22.00 22.00 23.00 23.00 20.00 21.00 21.00 21.00 20.00 20.00 22.00 23.00 23.00 22.00 21.00 19.00 19.00 21.00 21.00 22.00 22.00 22.00 21.00 22.00 20.00 19.00 20.00 21.00 21.00 22.00 26.00 27.00 28.00 27.00 31.00 32.00 30.00 30.00 30.00
54.00 48.00 56.00 38.00 41.00 37.00 36.00 43.00 49.00 42.00 47.00 49.00 52.00 51.00 45.00 47.00 50.00 45.00 40.00 46.00 40.00 35.00 35.00 31.00 28.00 25.00 25.00 24.00 24.00 24.00 25.00 23.00 21.00 21.00 22.00 25.00 25.00 24.00 26.00 23.00 22.00 22.00 22.00 21.00 22.00 23.00 25.00 25.00 24.00 23.00 19.00 20.00 22.00 24.00 25.00 24.00 24.00 23.00 24.00 23.00 23.00 23.00 24.00 29.00 27.00 29.00 36.00 31.00 33.00 38.00 35.00 34.00 36.00 35.00
59.00 52.00 46.00 39.00 48.00 39.00 40.00 39.00 46.00 47.00 48.00 54.00 57.00 53.00 48.00 50.00 52.00 51.00 46.00 49.00 43.00 46.00 41.00 33.00 29.00 27.00 27.00 27.00 26.00 27.00 26.00 23.00 25.00 24.00 23.00 27.00 25.00 23.00 25.00 24.00 24.00 24.00 24.00 23.00 25.00 25.00 26.00 26.00 27.00 25.00 22.00 21.00 22.00 25.00 27.00 26.00 27.00 25.00 25.00 26.00 28.00 27.00 27.00 34.00 34.00 32.00 38.00 35.00 35.00 42.00 40.00 42.00 47.00 43.00
57.00 58.00 50.00 43.00 50.00 41.00 46.00 44.00 42.00 50.00 49.00 58.00 62.00 55.00 51.00 51.00 56.00 60.00 55.00 56.00 53.00 47.00 40.00 36.00 36.00 31.00 30.00 30.00 31.00 31.00 28.00 28.00 30.00 27.00 27.00 27.00 27.00 26.00 26.00 26.00 26.00 26.00 26.00 24.00 24.00 27.00 28.00 29.00 28.00 28.00 25.00 26.00 27.00 27.00 29.00 29.00 28.00 28.00 27.00 32.00 35.00 32.00 30.00 33.00 38.00 38.00 41.00 41.00 44.00 51.00 61.00 53.00 53.00 49.00
56.00 60.00 50.00 49.00 50.00 49.00 47.00 48.00 48.00 45.00 52.00 58.00 65.00 56.00 55.00 55.00 63.00 64.00 56.00 63.00 53.00 45.00 46.00 47.00 43.00 34.00 35.00 36.00 38.00 35.00 31.00 31.00 33.00 31.00 31.00 29.00 30.00 30.00 28.00 28.00 27.00 27.00 29.00 28.00 27.00 27.00 30.00 32.00 31.00 33.00 29.00 33.00 35.00 33.00 32.00 32.00 31.00 31.00 33.00 39.00 38.00 34.00 37.00 40.00 42.00 47.00 54.00 63.00 60.00 52.00 62.00 61.00 58.00 58.00
59.00 58.00 51.00 54.00 58.00 56.00 50.00 54.00 49.00 45.00 57.00 58.00 66.00 62.00 60.00 56.00 65.00 60.00 61.00 62.00 54.00 50.00 54.00 50.00 41.00 36.00 40.00 40.00 39.00 38.00 38.00 36.00 37.00 36.00 35.00 31.00 30.00 31.00 30.00 30.00 29.00 29.00 30.00 34.00 32.00 32.00 33.00 34.00 34.00 35.00 36.00 38.00 40.00 37.00 35.00 32.00 35.00 32.00 34.00 40.00 40.00 42.00 45.00 53.00 58.00 69.00 89.00 77.00 63.00 55.00 61.00 71.00 63.00 54.00
62.00 59.00 55.00 61.00 67.00 60.00 54.00 57.00 52.00 51.00 61.00 65.00 68.00 68.00 62.00 61.00 63.00 62.00 67.00 62.00 59.00 59.00 50.00 43.00 43.00 40.00 45.00 42.00 40.00 44.00 45.00 39.00 41.00 38.00 37.00 33.00 32.00 32.00 33.00 34.00 31.00 32.00 31.00 36.00 38.00 39.00 36.00 40.00 37.00 37.00 39.00 46.00 46.00 38.00 35.00 36.00 39.00 37.00 35.00 38.00 46.00 55.00 67.00 81.00 97.00 108.00 87.00 69.00 62.00 58.00 71.00 75.00 66.00 60.00
63.00 63.00 58.00 66.00 71.00 60.00 61.00 60.00 53.00 51.00 60.00 69.00 73.00 73.00 65.00 67.00 64.00 66.00 72.00 75.00 71.00 63.00 51.00 52.00 51.00 45.00 51.00 45.00 41.00 47.00 52.00 44.00 43.00 41.00 39.00 38.00 34.00 34.00 36.00 37.00 35.00 35.00 34.00 35.00 40.00 45.00 41.00 43.00 39.00 42.00 39.00 45.00 46.00 42.00 39.00 43.00 41.00 40.00 37.00 44.00 64.00 87.00 105.00 122.00 129.00 107.00 83.00 71.00 66.00 72.00 80.00 83.00 69.00 63.00
68.00 68.00 65.00 66.00 73.00 64.00 69.00 65.00 57.00 52.00 58.00 69.00 81.00 75.00 70.00 70.00 67.00 71.00 80.00 78.00 72.00 72.00 75.00 72.00 67.00 58.00 54.00 47.00 42.00 44.00 55.00 50.00 45.00 44.00 42.00 37.00 34.00 36.00 38.00 41.00 39.00 35.00 40.00 38.00 38.00 47.00 46.00 47.00 41.00 43.00 44.00 47.00 48.00 45.00 41.00 47.00 48.00 46.00 48.00 65.00 92.00 115.00 127.00 150.00 168.00 162.00 112.00 83.00 81.00 106.00 128.00 82.00 77.00 78.00
71.00 78.00 70.00 67.00 76.00 70.00 76.00 65.00 61.00 56.00 63.00 65.00 79.00 82.00 71.00 74.00 74.00 83.00 83.00 76.00 80.00 89.00 81.00 84.00 88.00 66.00 54.00 49.00 47.00 46.00 55.00 54.00 49.00 45.00 39.00 38.00 37.00 38.00 41.00 43.00 44.00 39.00 43.00 40.00 39.00 49.00 54.00 44.00 42.00 45.00 48.00 54.00 54.00 53.00 44.00 51.00 57.00 62.00 62.00 76.00 89.00 100.00 133.00 154.00 158.00 172.00 135.00 113.00 135.00 162.00 128.00 110.00 124.00 108.00
72.00 79.00 72.00 75.00 80.00 81.00 76.00 68.00 61.00 61.00 61.00 68.00 75.00 85.00 78.00 77.00 73.00 88.00 80.00 83.00 91.00 99.00 88.00 101.00 92.00 77.00 67.00 59.00 53.00 49.00 59.00 52.00 47.00 42.00 40.00 41.00 39.00 43.00 44.00 46.00 51.00 42.00 45.00 45.00 43.00 43.00 49.00 45.00 48.00 47.00 49.00 58.00 57.00 49.00 50.00 56.00 69.00 69.00 64.00 62.00 77.00 102.00 119.00 123.00 133.00 130.00 136.00 166.00 164.00 -9999 -9999 127.00 158.00 145.00
84.00 83.00 84.00 78.00 86.00 92.00 79.00 68.00 71.00 66.00 68.00 71.00 75.00 89.00 83.00 81.00 75.00 90.00 90.00 104.00 104.00 113.00 101.00 111.00 101.00 99.00 91.00 81.00 82.00 68.00 68.00 62.00 52.00 43.00 42.00 44.00 46.00 46.00 46.00 50.00 54.00 44.00 48.00 49.00 44.00 49.00 49.00 52.00 52.00 50.00 50.00 61.00 54.00 51.00 53.00 51.00 66.00 62.00 53.00 55.00 63.00 78.00 88.00 102.00 106.00 108.00 127.00 -9999 -9999 -9999 -9999 -9999 -9999 -9999
110.00 106.00 94.00 86.00 93.00 95.00 78.00 73.00 73.00 71.00 70.00 73.00 82.00 92.00 95.00 89.00 80.00 94.00 109.00 115.00 119.00 115.00 113.00 126.00 117.00 125.00 112.00 109.00 106.00 97.00 92.00 77.00 50.00 46.00 46.00 49.00 49.00 47.00 50.00 52.00 55.00 48.00 47.00 55.00 48.00 54.00 50.00 54.00 57.00 55.00 53.00 61.00 59.00 58.00 52.00 53.00 55.00 62.00 58.00 59.00 59.00 60.00 69.00 78.00 81.00 87.00 96.00 -9999 -9999 -9999 -9999 -9999 -9999 -9999
130.00 132.00 122.00 103.00 105.00 93.00 86.00 92.00 85.00 78.00 78.00 72.00 79.00 91.00 102.00 97.00 85.00 105.00 119.00 130.00 133.00 123.00 129.00 132.00 137.00 139.00 129.00 124.00 122.00 119.00 102.00 73.00 52.00 52.00 46.00 52.00 51.00 54.00 52.00 54.00 57.00 53.00 50.00 52.00 54.00 57.00 54.00 56.00 58.00 59.00 57.00 65.00 66.00 57.00 56.00 57.00 62.00 65.00 66.00 64.00 63.00 67.00 64.00 68.00 72.00 79.00 89.00 -9999 -9999 -9999 -9999 -9999 -9999 -9999
108.00 137.00 132.00 119.00 125.00 106.00 91.00 110.00 98.00 95.00 82.00 84.00 78.00 92.00 111.00 107.00 101.00 125.00 132.00 141.00 142.00 142.00 150.00 149.00 160.00 147.00 143.00 140.00 134.00 119.00 96.00 61.00 56.00 53.00 47.00 60.00 58.00 55.00 54.00 58.00 60.00 61.00 57.00 53.00 62.00 59.00 58.00 60.00 61.00 59.00 63.00 71.00 67.00 61.00 58.00 63.00 68.00 74.00 70.00 69.00 71.00 74.00 72.00 74.00 75.00 82.00 90.00 -9999 -9999 -9999 -9999 -9999 -9999 -9999
111.00 114.00 133.00 123.00 137.00 116.00 101.00 103.00 104.00 111.00 95.00 94.00 84.00 90.00 123.00 128.00 120.00 133.00 148.00 156.00 147.00 156.00 160.00 146.00 162.00 152.00 135.00 122.00 107.00 96.00 73.00 62.00 63.00 51.00 50.00 58.00 63.00 59.00 58.00 62.00 64.00 66.00 57.00 57.00 68.00 63.00 66.00 65.00 66.00 63.00 68.00 75.00 67.00 63.00 64.00 70.00 75.00 78.00 79.00 82.00 84.00 86.00 83.00 84.00 84.00 -9999 -9999 -9999 -9999 -9999 -9999 -9999 -9999 -9999
141.00 131.00 153.00 140.00 144.00 132.00 115.00 105.00 137.00 132.00 117.00 109.00 98.00 98.00 111.00 132.00 127.00 146.00 158.00 165.00 170.00 158.00 158.00 155.00 137.00 112.00 97.00 89.00 87.00 78.00 66.00 69.00 60.00 54.00 52.00 61.00 67.00 65.00 64.00 62.00 67.00 67.00 64.00 62.00 74.00 69.00 74.00 75.00 70.00 66.00 69.00 75.00 70.00 67.00 69.00 74.00 84.00 91.00 92.00 -9999 -9999 -9999 -9999 -9999 -9999 -9999 -9999 -9999 -9999 -9999 -9999 -9999 -9999 -9999
